0.901
0.9
0.903
0.904
0.93
0.927
0.932
0.946
0.919
0.911
0.908
0.919
0.931
0.9
0.946
0.919
0.913
0.912
0.902
0.917
0.906
0.948
0.936
0.948
0.948
0.914
0.927
0.945
0.9
0.921
0.916
0.918
0.915
0.926
0.903
0.919
0.921
0.909
0.916
0.916
0.922
0.903
0.928
0.911
0.938
0.92
0.925
0.912
0.921
0.915
0.937
0.944
0.921
0.919
0.932
0.939
0.938
0.921
0.927
0.908
0.912
0.913
0.911
0.916
0.947
0.923
0.913
0.925
0.912
0.929
0.902
0.902
0.905
0.939
0.944
0.921
0.912
0.908
0.905
0.94
0.903
0.915
0.906
0.945
0.944
0.936
0.909
0.934
0.946
0.934
0.92
0.932
0.932
0.915
0.9
0.93
0.906
0.924
0.944
0.943
0.94
0.925
0.918
0.94
0.912
0.929
0.906
0.908
0.932
0.902
0.934
0.91
0.913
0.907
0.946
0.936
0.909
0.906
0.909
0.946
0.934
0.911
0.917
0.906
0.942
0.916
0.909
0.938
0.9
0.942
0.921
0.902
0.901
0.933
0.91
0.906
0.932
0.903
0.916
0.936
0.912
0.908
0.916
0.92
0.92
0.921
0.92
0.916
0.915
0.94
0.944
0.931
0.926
0.933
0.913
0.921
0.929
0.942
0.91
0.923
0.912
0.904
0.913
0.907
0.91
0.904
0.93
0.936
0.914
0.9
0.901
0.931
0.919
0.929
0.939
0.918
0.913
0.933
0.922
0.949
0.94
0.949
0.914
0.924
0.946
0.934
0.913
0.916
0.942
0.947
0.922
0.92
0.949
0.944
0.918
0.928
0.902
0.936
0.945
0.908
